12201
600778
14926
37863
14866
9896
8064
9047
3388
21625
8779
7150
9441
10993
7850
7445
276157
13902
13078
8658
22852
21803
17050
34419
3240
106000
8365
74343
55626
65248
15390
11693
8248
14566
11296
11300
17926
2199
42999
7842
28966
11068
2733
11538
29684
57448
11824
34681
10701
4000
13555
7685
6850
11500
46628
57232
21774
45531
8700
6520
10741
8458
43690
11735
18558
3213
4802
6500
4952
9255
4600
1050
7178
3817
991
14064
4200
4680
2566
4830
2781
5884
6564
1770
8150
1200
6274
9209
6730
9736
9577
54347
10750
17744
22453
15495
88085
23106
23881
14369
13288
13342
26620
138631
29630
34644
41658
7411
11049
14406
39325
12748
16919
11355
18477
8413
10575
120267
30003
10964
10797
56317
54178
32269
4585
21266
16778
81866
23214
9286
36808
22391
60835
80181
15646
4595
15938
9427
18406
11948
5194
9703
25570
3379
55179
97155
28351
31501
13491
35222
48916
39503
48070
7462
4844
29115
34509
12115
68787
118471
38206
27880
54581
21749
84371
195148
39567
39269
33270
12361
30505
37559
63084
91828
24002
838199
79263
6795
36426
37444
7296
71540
39958
19368
202166
26299
45832
27269
6935
6544
43506
48289
49780
82463
12723
42096
19472
20769
25133
8079
15416
37707